0 0 0
-0.488214 -0.0511835 0.871222
-0.779443 -0.856584 1.38747
-0.529478 -0.755411 0.424519
-0.794442 0.208555 0.400767
-0.661536 -0.478355 -0.313719
-0.619423 -1.4619 -0.489427
0.0417741 -0.713241 -0.441114
0.191313 -0.71023 -1.42987
0.232485 -0.968392 -0.464642
0.752093 -1.41781 0.262014
1.30971 -1.59412 1.07317
2.17936 -1.43236 0.606756
1.47951 -2.03453 0.990956
2.43666 -2.17012 0.735037
1.46 -2.15828 0.94951
0.633362 -2.11989 1.51094
1.57076 -2.07443 1.16566
0.676938 -1.89159 1.57511
-0.277367 -1.76506 1.84584
-0.501796 -1.31016 0.984036
-1.0542 -2.13184 1.12434
-0.6745 -1.21331 1.23447
-0.349983 -1.49598 2.13713
-0.0609804 -0.546524 2.01465
-0.142023 -0.998976 2.90275
0.685169 -0.49832 2.6476
0.436859 -1.46698 2.65444
0.439025 -2.46696 2.64959
0.514226 -2.93024 3.53261
0.0402431 -3.16636 2.68432
-0.443268 -3.23871 1.81198
-0.945875 -4.07457 1.59122
-0.899059 -3.10949 1.33347
-0.383225 -2.80919 2.1358
0.0562776 -2.94592 3.02358
0.498243 -3.03575 3.9161
0.380256 -2.23086 3.33452
-0.0696916 -2.1055 2.4503
-0.263052 -3.04337 2.16217
-0.335109 -2.12738 1.76748
-0.88967 -2.47039 1.00932
-1.29356 -2.22281 0.128654
-1.994 -2.92373 -0.00585616
-2.5578 -2.75781 -0.814932
-2.87012 -3.62091 -1.21182
-2.56439 -3.71899 -0.264768
-2.97207 -4.61602 -0.435439
-2.42781 -3.85781 -0.0764248
-2.09059 -2.95606 0.194004
-2.6796 -3.73807 -0.00977491
-2.96691 -3.28083 -0.851429
-3.50256 -3.46366 -1.67584
-3.71262 -4.37339 -2.03398
-3.36784 -4.43609 -1.09739
-2.91169 -3.60548 -0.777987
-3.2823 -2.71468 -1.04091
-2.73304 -2.08428 -1.58945
-3.07377 -2.47614 -2.44406
-3.41254 -2.86748 -3.29968
-3.73114 -3.4327 -4.06062
-2.85967 -3.52866 -4.54158
-3.08276 -2.60849 -4.86333
-2.68915 -3.4752 -4.55691
-2.29904 -4.33036 -4.21557
-2.6279 -3.51714 -4.69569
-2.28752 -2.5876 -4.55389
-2.02016 -2.31471 -3.62974
-1.50541 -2.58549 -2.81628
-1.13605 -2.30121 -1.93154
-1.87219 -2.83317 -1.51307
-2.01576 -2.63564 -0.54334
-2.42186 -2.91399 -1.41374
-2.37871 -3.73137 -1.98822
-2.92899 -4.2737 -1.35335
-2.34662 -3.52482 -1.66961
-1.95806 -2.81877 -1.07757
-2.71212 -3.36993 -0.720345
-2.95385 -3.55725 -1.67244
-2.42905 -2.92197 -2.23901
-2.45807 -3.23263 -3.18909
-2.26403 -3.6083 -4.0953
-1.94266 -3.91329 -4.9918
-1.40201 -3.26944 -5.53324
-1.86005 -3.98038 -4.99962
-1.22538 -3.35825 -5.45803
-0.589124 -2.78164 -5.97058
-0.045922 -2.25658 -6.62574
-0.0327627 -3.10087 -7.16147
-0.0859396 -3.85143 -7.82012
-0.872245 -4.3072 -7.40299
-1.64135 -4.58117 -6.82557
-1.6003 -3.71599 -6.32579
-2.14205 -3.9918 -7.11979
-2.59614 -3.14102 -6.85527
-2.67927 -3.6022 -7.73868
-2.85368 -4.25162 -8.47884
-3.17022 -4.72339 -7.65589
-3.79881 -5.02932 -6.94085
-3.20115 -4.73488 -7.68658
-3.25398 -5.44266 -8.39103
-2.7604 -5.04919 -9.16664
-2.09208 -4.51627 -8.64766
-2.71426 -4.76076 -7.90395
-3.2079 -5.20718 -7.15761
-3.80442 -5.47118 -6.39967
-3.8265 -5.27309 -5.41973
-3.10104 -4.72009 -5.82949
-2.42047 -4.03648 -6.09312
-1.87526 -3.3249 -6.53629
-1.2259 -2.89925 -7.16649
-0.88489 -2.30018 -6.44203
-0.178168 -1.75977 -6.89866
0.610312 -1.33774 -7.34608
0.884911 -0.659788 -8.02797
1.43778 0.0972947 -8.37606
1.93988 0.654852 -7.71498
2.59843 -0.091387 -7.81211
2.54298 -1.08107 -7.94421
3.22219 -1.81451 -7.97136
4.17254 -2.08655 -8.12249
5.04265 -2.55229 -8.28368
5.79933 -3.20508 -8.31989
5.49433 -4.12721 -8.08187
6.03064 -4.95847 -8.22811
6.76316 -4.44586 -8.67603
7.50691 -4.05561 -9.21874
8.1155 -4.83451 -9.37016
8.77348 -5.57776 -9.49111
9.64711 -6.01921 -9.69584
10.5027 -6.5107 -9.85808
11.1073 -7.2446 -10.1678
11.5223 -8.1167 -10.427
12.0426 -8.95472 -10.5914
11.5025 -8.11994 -10.4846
12.3428 -8.55629 -10.8063
11.7975 -9.3247 -11.1412
12.277 -8.67485 -11.7308
11.5717 -9.30328 -12.0587
10.7135 -9.76303 -12.2873
9.95428 -10.1189 -12.8321
10.5587 -9.8405 -13.5786
11.3721 -9.32979 -13.3002
12.1743 -8.9098 -12.8759
11.3329 -9.44663 -12.9382
12.1356 -8.92705 -13.2311
12.8678 -8.28272 -13.4517
12.4361 -9.04041 -13.9412
13.3753 -8.74639 -14.1184
14.2974 -8.3875 -14.2635
13.3912 -8.75562 -14.4715
12.7457 -9.17527 -15.1097
13.3713 -8.75793 -15.7688
12.5629 -9.24644 -16.0973
13.4103 -8.72229 -16.1813
12.7253 -9.34019 -16.5673
12.0077 -9.79705 -17.0929
11.7866 -9.53474 -18.0322
11.3313 -9.69159 -18.9086
11.0975 -9.45375 -19.8514
10.8763 -9.02572 -20.7277
10.6236 -9.64204 -21.4735
10.3086 -10.2379 -22.2122
10.8595 -10.0271 -21.4047
11.238 -10.6889 -22.0518
11.1871 -10.0863 -21.2554
12.0857 -10.4913 -21.424
12.3972 -10.1781 -20.5268
13.2054 -10.232 -19.9404
14.1258 -10.4983 -20.2264
14.8033 -10.6835 -19.5146
14.778 -10.5375 -18.5257
14.2223 -10.5072 -19.3565
13.4964 -9.96976 -18.9274
12.5107 -9.8365 -19.0304
11.5604 -9.69155 -18.7547
11.1906 -9.84957 -17.8391
10.561 -9.64459 -17.0898
9.59606 -9.58827 -16.8334
8.82967 -9.98758 -17.3366
7.98233 -9.59461 -16.9794
8.10225 -9.30956 -16.0285
7.25799 -8.89158 -15.693
6.28786 -8.66273 -15.6127
7.16698 -9.08706 -15.8296
6.7701 -8.27137 -15.4088
6.11192 -8.17964 -16.156
5.15803 -7.98091 -15.9311
5.70339 -7.24388 -15.5319
6.32157 -7.40292 -14.7621
6.25229 -8.40009 -14.7327
6.84768 -8.39109 -13.9293
7.26047 -8.77865 -13.105
7.86659 -8.60024 -12.33
8.5492 -8.7412 -11.6129
9.24593 -8.8291 -10.901
9.88638 -8.94449 -10.1417
10.3551 -8.51077 -9.37216
10.8934 -8.55857 -8.53076
11.26 -8.93121 -7.67826
12.0315 -8.68195 -7.09292
12.6518 -7.91309 -6.93754
13.3103 -7.94199 -6.18556
13.8741 -8.19693 -5.39997
14.0569 -8.48953 -4.46137
14.3606 -8.51831 -3.50902
14.2372 -9.10766 -2.71062
14.5626 -8.38518 -2.1006
15.1713 -8.56935 -1.32892
15.2905 -9.273 -0.628438
15.9066 -8.48591 -0.658277
15.6268 -8.0502 -1.51377
16.084 -8.48935 -0.740384
16.7323 -8.44556 0.0196894
17.1587 -8.83334 0.83691
16.7472 -8.86999 -0.0737504
17.4244 -9.02573 0.645325
18.3092 -8.9805 1.10917
19.0328 -9.1759 1.77114
19.6996 -9.92111 1.77285
20.0035 -9.56327 0.889882
20.0186 -9.60178 -0.109263
19.5231 -8.81122 0.250667
20.0175 -9.58932 -0.136759
19.8128 -9.35962 -1.08823
19.3156 -10.2209 -0.983599
18.8384 -9.43565 -0.589121
19.3123 -10.2691 -0.873336
19.8941 -11.0087 -1.21176
19.8347 -11.9693 -0.940345
20.3313 -12.7675 -1.28126
20.1201 -13.2178 -0.413738
20.7804 -12.9747 0.29687
21.3007 -13.7879 0.0360929
20.5921 -13.1187 -0.187332
21.1498 -13.8964 -0.477352
21.8695 -14.5477 -0.717617
22.2115 -13.8665 -1.3649
22.7078 -14.6696 -1.69461
23.329 -15.3148 -2.13948
22.8252 -14.5442 -1.74913
22.7118 -13.6948 -1.23363
23.1722 -13.6169 -0.349352
23.3167 -12.9484 -1.07893
22.6863 -12.2361 -0.770275
22.208 -11.7923 -1.52802
21.4189 -11.355 -1.95937
20.6926 -11.3325 -2.64644
20.1814 -10.4872 -2.49104
19.429 -10.5494 -3.14677
18.7151 -10.4984 -3.84514
18.1209 -10.4947 -4.64947
18.4941 -10.1078 -3.80624
17.6597 -10.329 -4.31099
17.0787 -10.3433 -5.12476
16.7983 -9.41326 -4.88736
16.9055 -8.50355 -4.48618
16.2497 -7.74867 -4.48877
15.6193 -6.97809 -4.39451
15.1969 -6.92885 -5.29959
14.3897 -7.2155 -5.81549
13.4631 -7.42222 -6.12978
12.9354 -7.4093 -5.28046
12.5534 -8.21658 -4.83059
12.2252 -8.79919 -4.08707
12.5364 -8.46407 -3.19781
12.2523 -8.97692 -2.38771
12.5035 -9.19564 -1.4448
12.683 -9.6311 -0.562683
12.9105 -9.97759 0.347367
13.5274 -9.22434 0.575649
13.7654 -9.50182 1.50644
13.0177 -9.3821 2.15963
13.9759 -9.66618 2.12581
13.7893 -9.96097 1.18866
13.3235 -10.8211 1.39671
13.5564 -11.6189 0.840584
14.4613 -11.1936 0.855352
14.7243 -10.2766 1.15538
14.7439 -9.30438 1.3886
14.8048 -10.217 0.984358
14.8664 -9.22164 1.05821
14.8252 -8.22348 1.01378
15.7606 -8.08069 1.33739
16.1417 -7.25398 1.75128
15.2784 -7.19552 2.25255
16.2504 -7.22255 2.019
15.6154 -7.98369 2.15095
14.7209 -8.07266 2.58921
14.7016 -9.07152 2.63287
14.687 -8.07355 2.57087
14.5123 -8.9682 2.98209
14.4958 -9.96777 3.00615
13.7461 -9.86113 3.65928
12.8244 -9.74059 4.02807
11.9411 -9.52385 4.44371
11.8996 -8.54273 4.25482
11.5411 -8.48185 5.18635
11.4254 -9.44082 5.44522
10.4671 -9.28515 5.6847
10.9221 -8.50547 5.25454
10.8341 -7.68445 4.69045
10.7092 -6.6936 4.63941
10.728 -5.83819 4.1218
11.4899 -5.86133 4.76908
11.6622 -4.87644 4.75143
11.3341 -5.82062 4.72229
11.37 -4.8427 4.51639
12.1288 -4.57092 3.92441
12.333 -3.59864 3.81063
12.6596 -2.75283 3.38876
12.0659 -2.5296 4.16188
12.9093 -2.65266 3.63881
13.4224 -2.69954 2.78179
14.1071 -2.61557 2.05778
14.1553 -3.60837 1.94811
13.9464 -2.6377 2.067
13.3977 -1.84822 2.34213
13.6349 -1.80274 1.37174
14.1951 -1.9149 0.550974
14.9732 -1.7981 -0.0661546
15.1409 -2.76436 -0.261605
15.3155 -3.73056 -0.451275
15.5056 -4.6939 -0.640606
15.0748 -4.88801 0.240709
14.9234 -3.91159 0.394653
15.5341 -3.67604 -0.36142
16.4042 -3.48686 -0.816425
17.2256 -3.23683 -1.32914
16.471 -3.59733 -0.780811
16.4887 -4.58183 -0.955319
15.7555 -4.87886 -0.343523
15.5318 -3.94751 -0.05624
14.9073 -4.27556 0.652533
14.8021 -5.27 0.657776
14.594 -5.92238 1.38652
15.5851 -5.91621 1.51905
15.5666 -6.62819 2.221
16.2318 -5.88709 2.3122
16.9485 -5.20651 2.46436
16.4617 -4.88401 3.27618
16.9759 -4.02687 3.24587
16.4923 -3.71276 4.06289
16.415 -4.55179 3.52434
17.2047 -3.93914 3.55652
16.4602 -4.36713 4.06888
15.9709 -4.05342 4.88264
16.5478 -3.24207 4.78825
17.234 -2.5371 4.60903
16.6777 -3.29401 4.26602
15.7732 -3.64902 4.50213
15.0726 -4.25852 4.13114
14.9365 -3.50872 4.77866
15.4039 -2.64851 4.57477
16.0062 -1.85042 4.59322
16.466 -0.964805 4.6584
15.7295 -1.57377 4.36395
16.4366 -0.877375 4.48637
17.2232 -0.310604 4.73146
17.7538 0.512913 4.9322
17.5859 0.937859 5.82172
16.9646 0.504735 6.47474
16.3157 -0.237725 6.30861
16.9323 -0.22837 5.52143
16.5818 -0.451382 6.43103
17.2528 0.245981 6.68288
16.9445 -0.637765 6.33079
16.2725 -1.1749 6.84058
16.5271 -1.85891 7.52418
16.806 -2.51926 8.22144
17.1888 -2.89436 9.06567
16.6334 -3.34953 8.36976
16.8034 -2.64064 9.05429
16.2334 -2.93989 8.28901
16.6132 -2.5056 9.10584
15.9984 -3.15866 9.5481
15.3634 -3.90478 9.74839
14.8537 -4.73635 9.52784
14.5032 -5.38281 10.2055
14.9134 -4.77851 9.52248
15.2811 -4.27447 10.304
14.6242 -4.66392 10.9496
14.8161 -4.14614 11.7833
14.9614 -3.94741 10.8141
15.0027 -3.87472 11.8106
15.4359 -3.5719 12.6595
15.127 -4.28238 13.2918
14.5934 -5.10711 13.479
14.0083 -5.71725 12.9449
13.1013 -5.29711 12.9149
13.8415 -5.51864 13.5497
13.4637 -6.13906 14.237
13.9231 -5.89499 15.091
13.5602 -6.46925 15.8248
12.7461 -6.50901 15.2456
13.0428 -5.93366 14.4834
13.0954 -5.4899 13.5888
12.8289 -5.98246 12.7603
13.4729 -5.23317 12.915
13.437 -4.98531 11.9469
14.03 -4.31175 12.3881
14.8209 -3.91832 12.8568
14.3128 -3.87688 11.9965
14.773 -3.24493 12.62
14.9286 -2.4028 12.1037
14.6146 -3.06812 12.781
14.5917 -2.74257 11.8358
14.212 -3.04584 10.9618
14.7994 -2.31342 11.306
14.603 -2.78903 10.4486
14.3108 -3.33215 9.66137
14.7395 -2.81461 8.92085
15.1079 -2.12228 8.30041
15.9005 -1.51464 8.35126
16.322 -0.804559 7.78723
16.7891 -0.209883 7.1329
17.2206 0.359494 6.43315
16.8477 0.149833 5.52927
17.6074 0.508802 6.07147
17.9965 1.13399 5.39491
17.3558 0.36805 5.34247
17.8709 1.14597 4.98267
17.5191 0.946766 4.06806
17.1137 0.235163 4.64192
16.6524 -0.3518 5.30723
16.1671 -0.844762 6.0294
16.5297 -0.198444 5.35799
16.796 0.364754 4.57573
17.12 0.955983 5.3143
16.5339 0.423317 5.92485
16.0983 0.834046 6.72583
15.3904 0.862512 6.02006
15.0259 0.372019 5.22852
15.9548 0.44319 4.86509
15.9627 1.08831 4.10104
15.9862 1.69587 3.30712
15.9898 1.03413 4.05685
15.5871 1.56689 4.80116
15.1345 1.03427 4.08599
14.9285 1.77351 3.44483
14.3605 1.53487 2.65714
14.4731 0.707144 3.20686
15.2065 0.605532 2.53473
14.9592 1.51153 2.19121
14.1924 2.01073 2.59461
13.2961 2.27365 2.95169
13.0479 3.00949 2.32163
12.5597 3.38441 3.10971
11.7134 3.60889 2.6267
11.1697 4.24262 2.07645
10.5057 4.78611 2.59001
10.1039 5.69408 2.47103
9.52125 6.04399 3.20458
8.90038 6.47927 3.85654
9.5487 6.50358 3.09556
9.93427 5.80349 3.69657
10.6029 6.14135 3.03412
9.86679 5.75347 3.58887
10.4765 6.17599 2.91829
10.9992 5.45921 3.37984
11.8642 4.96038 3.32595
11.9982 5.90251 3.63323
12.173 6.37032 2.76686
11.9267 7.30431 3.0257
12.7218 7.82798 3.33175
11.9227 7.30595 3.03343
12.6056 6.59555 2.86314
12.8937 5.64059 2.79231
12.9366 6.60098 2.51698
13.1853 6.9548 1.61534
13.3973 6.25867 0.929425
13.0741 6.94096 1.58518
13.4422 6.32436 0.889283
12.8814 6.62688 0.118586
13.8006 6.69704 0.506126
13.5088 7.33998 1.21429
13.2834 8.07554 1.85313
12.9252 8.7055 2.54223
13.7344 9.26819 2.37319
13.283 9.88702 3.0161
13.5883 9.20796 2.34848
13.21 9.82137 3.04177
12.3861 9.25967 3.11757
13.237 9.78509 3.11689
12.329 9.91866 3.51407
12.1244 10.5842 2.79634
11.1975 10.7483 3.13387
10.2713 10.9648 3.44271
10.5231 11.9159 3.62143
10.7588 12.8705 3.439
11.5814 12.517 2.99377
12.5149 12.4002 2.65467
13.4664 12.2708 2.37535
14.373 12.0017 2.05045
13.4451 12.2693 2.30998
13.633 13.1089 2.81968
14.392 12.7642 3.3719
14.4422 11.7965 3.12469
14.609 10.824 2.96193
14.4831 9.83984 2.83741
15.447 9.96676 2.60316
15.3018 10.1419 1.62939
15.7305 10.3827 0.758647
15.4066 11.2251 1.18942
15.9389 11.0021 0.372759
15.1435 10.4836 0.0587865
14.6609 11.3346 -0.148316
15.4382 11.8887 0.149843
14.6776 11.3466 -0.207397
